{
  "nbformat": 4,
  "nbformat_minor": 0,
  "metadata": {
    "kernelspec": {
      "display_name": "Python 3",
      "language": "python",
      "name": "python3"
    },
    "language_info": {
      "codemirror_mode": {
        "name": "ipython",
        "version": 3
      },
      "file_extension": ".py",
      "mimetype": "text/x-python",
      "name": "python",
      "nbconvert_exporter": "python",
      "pygments_lexer": "ipython3",
      "version": "3.7.4"
    },
    "colab": {
      "name": "Cvxopt.ipynb",
      "provenance": []
    },
    "accelerator": "GPU"
  },
  "cells": [
    {
      "cell_type": "code",
      "metadata": {
        "id": "0m83dnBYKGY2",
        "colab_type": "code",
        "colab": {}
      },
      "source": [
        "import numpy as np\n",
        "import pandas as pd\n",
        "from cvxopt import matrix, solvers"
      ],
      "execution_count": null,
      "outputs": []
    },
    {
      "cell_type": "code",
      "metadata": {
        "id": "sm_lMt4iKGY-",
        "colab_type": "code",
        "colab": {
          "base_uri": "https://localhost:8080/",
          "height": 450
        },
        "outputId": "6b9964d2-9643-4239-bc46-3bd22b916dee"
      },
      "source": [
        "df = pd.read_csv('Data_DJIA.csv', index_col = 1)\n",
        "df['ADJ_PRC'] =  df['PRC']/df['CFACPR']\n",
        "price = df.pivot(columns = 'PERMNO', values = 'ADJ_PRC')\n",
        "df\n",
        "price"
      ],
      "execution_count": null,
      "outputs": [
        {
          "output_type": "execute_result",
          "data": {
            "text/html": [
              "<div>\n",
              "<style scoped>\n",
              "    .dataframe tbody tr th:only-of-type {\n",
              "        vertical-align: middle;\n",
              "    }\n",
              "\n",
              "    .dataframe tbody tr th {\n",
              "        vertical-align: top;\n",
              "    }\n",
              "\n",
              "    .dataframe thead th {\n",
              "        text-align: right;\n",
              "    }\n",
              "</style>\n",
              "<table border=\"1\" class=\"dataframe\">\n",
              "  <thead>\n",
              "    <tr style=\"text-align: right;\">\n",
              "      <th>PERMNO</th>\n",
              "      <th>11308</th>\n",
              "      <th>11703</th>\n",
              "      <th>14322</th>\n",
              "      <th>14541</th>\n",
              "      <th>17830</th>\n",
              "      <th>18163</th>\n",
              "      <th>19561</th>\n",
              "      <th>22592</th>\n",
              "      <th>24643</th>\n",
              "      <th>59176</th>\n",
              "    </tr>\n",
              "    <tr>\n",
              "      <th>date</th>\n",
              "      <th></th>\n",
              "      <th></th>\n",
              "      <th></th>\n",
              "      <th></th>\n",
              "      <th></th>\n",
              "      <th></th>\n",
              "      <th></th>\n",
              "      <th></th>\n",
              "      <th></th>\n",
              "      <th></th>\n",
              "    </tr>\n",
              "  </thead>\n",
              "  <tbody>\n",
              "    <tr>\n",
              "      <th>19791231</th>\n",
              "      <td>0.705259</td>\n",
              "      <td>6.385909</td>\n",
              "      <td>6.938935</td>\n",
              "      <td>7.046875</td>\n",
              "      <td>2.687500</td>\n",
              "      <td>2.301340</td>\n",
              "      <td>5.000000</td>\n",
              "      <td>6.054503</td>\n",
              "      <td>7.716799</td>\n",
              "      <td>1.932482</td>\n",
              "    </tr>\n",
              "    <tr>\n",
              "      <th>19800131</th>\n",
              "      <td>0.718036</td>\n",
              "      <td>6.445221</td>\n",
              "      <td>6.601626</td>\n",
              "      <td>7.781250</td>\n",
              "      <td>3.117188</td>\n",
              "      <td>2.235476</td>\n",
              "      <td>6.469136</td>\n",
              "      <td>5.964137</td>\n",
              "      <td>8.929690</td>\n",
              "      <td>1.900139</td>\n",
              "    </tr>\n",
              "    <tr>\n",
              "      <th>19800229</th>\n",
              "      <td>0.672041</td>\n",
              "      <td>6.010267</td>\n",
              "      <td>6.312503</td>\n",
              "      <td>9.937500</td>\n",
              "      <td>2.914062</td>\n",
              "      <td>2.208356</td>\n",
              "      <td>5.950617</td>\n",
              "      <td>6.024381</td>\n",
              "      <td>9.386722</td>\n",
              "      <td>1.811197</td>\n",
              "    </tr>\n",
              "    <tr>\n",
              "      <th>19800331</th>\n",
              "      <td>0.643932</td>\n",
              "      <td>5.476461</td>\n",
              "      <td>6.264316</td>\n",
              "      <td>8.187500</td>\n",
              "      <td>2.578125</td>\n",
              "      <td>2.099876</td>\n",
              "      <td>5.259259</td>\n",
              "      <td>5.994259</td>\n",
              "      <td>8.191409</td>\n",
              "      <td>1.908225</td>\n",
              "    </tr>\n",
              "    <tr>\n",
              "      <th>19800430</th>\n",
              "      <td>0.679706</td>\n",
              "      <td>5.773020</td>\n",
              "      <td>6.216129</td>\n",
              "      <td>8.843750</td>\n",
              "      <td>2.632812</td>\n",
              "      <td>2.216105</td>\n",
              "      <td>5.407407</td>\n",
              "      <td>6.355722</td>\n",
              "      <td>7.734377</td>\n",
              "      <td>2.183139</td>\n",
              "    </tr>\n",
              "    <tr>\n",
              "      <th>...</th>\n",
              "      <td>...</td>\n",
              "      <td>...</td>\n",
              "      <td>...</td>\n",
              "      <td>...</td>\n",
              "      <td>...</td>\n",
              "      <td>...</td>\n",
              "      <td>...</td>\n",
              "      <td>...</td>\n",
              "      <td>...</td>\n",
              "      <td>...</td>\n",
              "    </tr>\n",
              "    <tr>\n",
              "      <th>19890831</th>\n",
              "      <td>4.156250</td>\n",
              "      <td>18.643691</td>\n",
              "      <td>17.491899</td>\n",
              "      <td>14.062500</td>\n",
              "      <td>6.968750</td>\n",
              "      <td>7.965580</td>\n",
              "      <td>18.250000</td>\n",
              "      <td>19.037044</td>\n",
              "      <td>21.656259</td>\n",
              "      <td>9.631202</td>\n",
              "    </tr>\n",
              "    <tr>\n",
              "      <th>19890929</th>\n",
              "      <td>4.187500</td>\n",
              "      <td>18.940251</td>\n",
              "      <td>16.287223</td>\n",
              "      <td>15.250000</td>\n",
              "      <td>6.953125</td>\n",
              "      <td>7.438674</td>\n",
              "      <td>19.000000</td>\n",
              "      <td>18.103265</td>\n",
              "      <td>21.585947</td>\n",
              "      <td>9.371776</td>\n",
              "    </tr>\n",
              "    <tr>\n",
              "      <th>19891031</th>\n",
              "      <td>4.523438</td>\n",
              "      <td>18.188967</td>\n",
              "      <td>14.841611</td>\n",
              "      <td>17.062500</td>\n",
              "      <td>6.671875</td>\n",
              "      <td>8.004323</td>\n",
              "      <td>18.750000</td>\n",
              "      <td>17.259851</td>\n",
              "      <td>19.687509</td>\n",
              "      <td>9.436632</td>\n",
              "    </tr>\n",
              "    <tr>\n",
              "      <th>19891130</th>\n",
              "      <td>4.828125</td>\n",
              "      <td>18.445985</td>\n",
              "      <td>14.937985</td>\n",
              "      <td>17.156250</td>\n",
              "      <td>6.468750</td>\n",
              "      <td>8.027569</td>\n",
              "      <td>20.000000</td>\n",
              "      <td>18.555093</td>\n",
              "      <td>20.390634</td>\n",
              "      <td>9.209634</td>\n",
              "    </tr>\n",
              "    <tr>\n",
              "      <th>19891229</th>\n",
              "      <td>4.828125</td>\n",
              "      <td>19.454287</td>\n",
              "      <td>14.697050</td>\n",
              "      <td>16.937500</td>\n",
              "      <td>6.781250</td>\n",
              "      <td>8.709447</td>\n",
              "      <td>19.791667</td>\n",
              "      <td>19.187653</td>\n",
              "      <td>21.093759</td>\n",
              "      <td>9.047493</td>\n",
              "    </tr>\n",
              "  </tbody>\n",
              "</table>\n",
              "<p>121 rows × 10 columns</p>\n",
              "</div>"
            ],
            "text/plain": [
              "PERMNO       11308      11703      14322  ...      22592      24643     59176\n",
              "date                                      ...                                \n",
              "19791231  0.705259   6.385909   6.938935  ...   6.054503   7.716799  1.932482\n",
              "19800131  0.718036   6.445221   6.601626  ...   5.964137   8.929690  1.900139\n",
              "19800229  0.672041   6.010267   6.312503  ...   6.024381   9.386722  1.811197\n",
              "19800331  0.643932   5.476461   6.264316  ...   5.994259   8.191409  1.908225\n",
              "19800430  0.679706   5.773020   6.216129  ...   6.355722   7.734377  2.183139\n",
              "...            ...        ...        ...  ...        ...        ...       ...\n",
              "19890831  4.156250  18.643691  17.491899  ...  19.037044  21.656259  9.631202\n",
              "19890929  4.187500  18.940251  16.287223  ...  18.103265  21.585947  9.371776\n",
              "19891031  4.523438  18.188967  14.841611  ...  17.259851  19.687509  9.436632\n",
              "19891130  4.828125  18.445985  14.937985  ...  18.555093  20.390634  9.209634\n",
              "19891229  4.828125  19.454287  14.697050  ...  19.187653  21.093759  9.047493\n",
              "\n",
              "[121 rows x 10 columns]"
            ]
          },
          "metadata": {
            "tags": []
          },
          "execution_count": 7
        }
      ]
    },
    {
      "cell_type": "code",
      "metadata": {
        "id": "ixVvitzZKGZD",
        "colab_type": "code",
        "colab": {}
      },
      "source": [
        "code_dict = {24643: 'Alcoa',\n",
        "             59176: 'Amex',\n",
        "             19561: 'Boeing',\n",
        "             14541: 'Chev',\n",
        "             11308: 'Coke',\n",
        "             11703: 'Du Pont',\n",
        "             22592: 'MMM',\n",
        "             18163: 'P&G',\n",
        "             14322: 'Sears',\n",
        "             17830: 'U Tech'}"
      ],
      "execution_count": null,
      "outputs": []
    },
    {
      "cell_type": "code",
      "metadata": {
        "id": "zQ3huA4VKGZG",
        "colab_type": "code",
        "colab": {
          "base_uri": "https://localhost:8080/",
          "height": 450
        },
        "outputId": "42f71dfa-e6b4-4daf-98a7-a8541d58923d"
      },
      "source": [
        "price.rename(columns = code_dict, inplace = True)\n",
        "price = price[code_dict.values()]\n",
        "price"
      ],
      "execution_count": null,
      "outputs": [
        {
          "output_type": "execute_result",
          "data": {
            "text/html": [
              "<div>\n",
              "<style scoped>\n",
              "    .dataframe tbody tr th:only-of-type {\n",
              "        vertical-align: middle;\n",
              "    }\n",
              "\n",
              "    .dataframe tbody tr th {\n",
              "        vertical-align: top;\n",
              "    }\n",
              "\n",
              "    .dataframe thead th {\n",
              "        text-align: right;\n",
              "    }\n",
              "</style>\n",
              "<table border=\"1\" class=\"dataframe\">\n",
              "  <thead>\n",
              "    <tr style=\"text-align: right;\">\n",
              "      <th>PERMNO</th>\n",
              "      <th>Alcoa</th>\n",
              "      <th>Amex</th>\n",
              "      <th>Boeing</th>\n",
              "      <th>Chev</th>\n",
              "      <th>Coke</th>\n",
              "      <th>Du Pont</th>\n",
              "      <th>MMM</th>\n",
              "      <th>P&amp;G</th>\n",
              "      <th>Sears</th>\n",
              "      <th>U Tech</th>\n",
              "    </tr>\n",
              "    <tr>\n",
              "      <th>date</th>\n",
              "      <th></th>\n",
              "      <th></th>\n",
              "      <th></th>\n",
              "      <th></th>\n",
              "      <th></th>\n",
              "      <th></th>\n",
              "      <th></th>\n",
              "      <th></th>\n",
              "      <th></th>\n",
              "      <th></th>\n",
              "    </tr>\n",
              "  </thead>\n",
              "  <tbody>\n",
              "    <tr>\n",
              "      <th>19791231</th>\n",
              "      <td>7.716799</td>\n",
              "      <td>1.932482</td>\n",
              "      <td>5.000000</td>\n",
              "      <td>7.046875</td>\n",
              "      <td>0.705259</td>\n",
              "      <td>6.385909</td>\n",
              "      <td>6.054503</td>\n",
              "      <td>2.301340</td>\n",
              "      <td>6.938935</td>\n",
              "      <td>2.687500</td>\n",
              "    </tr>\n",
              "    <tr>\n",
              "      <th>19800131</th>\n",
              "      <td>8.929690</td>\n",
              "      <td>1.900139</td>\n",
              "      <td>6.469136</td>\n",
              "      <td>7.781250</td>\n",
              "      <td>0.718036</td>\n",
              "      <td>6.445221</td>\n",
              "      <td>5.964137</td>\n",
              "      <td>2.235476</td>\n",
              "      <td>6.601626</td>\n",
              "      <td>3.117188</td>\n",
              "    </tr>\n",
              "    <tr>\n",
              "      <th>19800229</th>\n",
              "      <td>9.386722</td>\n",
              "      <td>1.811197</td>\n",
              "      <td>5.950617</td>\n",
              "      <td>9.937500</td>\n",
              "      <td>0.672041</td>\n",
              "      <td>6.010267</td>\n",
              "      <td>6.024381</td>\n",
              "      <td>2.208356</td>\n",
              "      <td>6.312503</td>\n",
              "      <td>2.914062</td>\n",
              "    </tr>\n",
              "    <tr>\n",
              "      <th>19800331</th>\n",
              "      <td>8.191409</td>\n",
              "      <td>1.908225</td>\n",
              "      <td>5.259259</td>\n",
              "      <td>8.187500</td>\n",
              "      <td>0.643932</td>\n",
              "      <td>5.476461</td>\n",
              "      <td>5.994259</td>\n",
              "      <td>2.099876</td>\n",
              "      <td>6.264316</td>\n",
              "      <td>2.578125</td>\n",
              "    </tr>\n",
              "    <tr>\n",
              "      <th>19800430</th>\n",
              "      <td>7.734377</td>\n",
              "      <td>2.183139</td>\n",
              "      <td>5.407407</td>\n",
              "      <td>8.843750</td>\n",
              "      <td>0.679706</td>\n",
              "      <td>5.773020</td>\n",
              "      <td>6.355722</td>\n",
              "      <td>2.216105</td>\n",
              "      <td>6.216129</td>\n",
              "      <td>2.632812</td>\n",
              "    </tr>\n",
              "    <tr>\n",
              "      <th>...</th>\n",
              "      <td>...</td>\n",
              "      <td>...</td>\n",
              "      <td>...</td>\n",
              "      <td>...</td>\n",
              "      <td>...</td>\n",
              "      <td>...</td>\n",
              "      <td>...</td>\n",
              "      <td>...</td>\n",
              "      <td>...</td>\n",
              "      <td>...</td>\n",
              "    </tr>\n",
              "    <tr>\n",
              "      <th>19890831</th>\n",
              "      <td>21.656259</td>\n",
              "      <td>9.631202</td>\n",
              "      <td>18.250000</td>\n",
              "      <td>14.062500</td>\n",
              "      <td>4.156250</td>\n",
              "      <td>18.643691</td>\n",
              "      <td>19.037044</td>\n",
              "      <td>7.965580</td>\n",
              "      <td>17.491899</td>\n",
              "      <td>6.968750</td>\n",
              "    </tr>\n",
              "    <tr>\n",
              "      <th>19890929</th>\n",
              "      <td>21.585947</td>\n",
              "      <td>9.371776</td>\n",
              "      <td>19.000000</td>\n",
              "      <td>15.250000</td>\n",
              "      <td>4.187500</td>\n",
              "      <td>18.940251</td>\n",
              "      <td>18.103265</td>\n",
              "      <td>7.438674</td>\n",
              "      <td>16.287223</td>\n",
              "      <td>6.953125</td>\n",
              "    </tr>\n",
              "    <tr>\n",
              "      <th>19891031</th>\n",
              "      <td>19.687509</td>\n",
              "      <td>9.436632</td>\n",
              "      <td>18.750000</td>\n",
              "      <td>17.062500</td>\n",
              "      <td>4.523438</td>\n",
              "      <td>18.188967</td>\n",
              "      <td>17.259851</td>\n",
              "      <td>8.004323</td>\n",
              "      <td>14.841611</td>\n",
              "      <td>6.671875</td>\n",
              "    </tr>\n",
              "    <tr>\n",
              "      <th>19891130</th>\n",
              "      <td>20.390634</td>\n",
              "      <td>9.209634</td>\n",
              "      <td>20.000000</td>\n",
              "      <td>17.156250</td>\n",
              "      <td>4.828125</td>\n",
              "      <td>18.445985</td>\n",
              "      <td>18.555093</td>\n",
              "      <td>8.027569</td>\n",
              "      <td>14.937985</td>\n",
              "      <td>6.468750</td>\n",
              "    </tr>\n",
              "    <tr>\n",
              "      <th>19891229</th>\n",
              "      <td>21.093759</td>\n",
              "      <td>9.047493</td>\n",
              "      <td>19.791667</td>\n",
              "      <td>16.937500</td>\n",
              "      <td>4.828125</td>\n",
              "      <td>19.454287</td>\n",
              "      <td>19.187653</td>\n",
              "      <td>8.709447</td>\n",
              "      <td>14.697050</td>\n",
              "      <td>6.781250</td>\n",
              "    </tr>\n",
              "  </tbody>\n",
              "</table>\n",
              "<p>121 rows × 10 columns</p>\n",
              "</div>"
            ],
            "text/plain": [
              "PERMNO        Alcoa      Amex     Boeing  ...       P&G      Sears    U Tech\n",
              "date                                      ...                               \n",
              "19791231   7.716799  1.932482   5.000000  ...  2.301340   6.938935  2.687500\n",
              "19800131   8.929690  1.900139   6.469136  ...  2.235476   6.601626  3.117188\n",
              "19800229   9.386722  1.811197   5.950617  ...  2.208356   6.312503  2.914062\n",
              "19800331   8.191409  1.908225   5.259259  ...  2.099876   6.264316  2.578125\n",
              "19800430   7.734377  2.183139   5.407407  ...  2.216105   6.216129  2.632812\n",
              "...             ...       ...        ...  ...       ...        ...       ...\n",
              "19890831  21.656259  9.631202  18.250000  ...  7.965580  17.491899  6.968750\n",
              "19890929  21.585947  9.371776  19.000000  ...  7.438674  16.287223  6.953125\n",
              "19891031  19.687509  9.436632  18.750000  ...  8.004323  14.841611  6.671875\n",
              "19891130  20.390634  9.209634  20.000000  ...  8.027569  14.937985  6.468750\n",
              "19891229  21.093759  9.047493  19.791667  ...  8.709447  14.697050  6.781250\n",
              "\n",
              "[121 rows x 10 columns]"
            ]
          },
          "metadata": {
            "tags": []
          },
          "execution_count": 10
        }
      ]
    },
    {
      "cell_type": "code",
      "metadata": {
        "id": "ap7giBLsKGZK",
        "colab_type": "code",
        "colab": {
          "base_uri": "https://localhost:8080/",
          "height": 450
        },
        "outputId": "d5147e24-1381-4e26-ee4b-d9254fae580b"
      },
      "source": [
        "rtn = price.pct_change()[1:] # change form 2 to 1\n",
        "rtn\n"
      ],
      "execution_count": null,
      "outputs": [
        {
          "output_type": "execute_result",
          "data": {
            "text/html": [
              "<div>\n",
              "<style scoped>\n",
              "    .dataframe tbody tr th:only-of-type {\n",
              "        vertical-align: middle;\n",
              "    }\n",
              "\n",
              "    .dataframe tbody tr th {\n",
              "        vertical-align: top;\n",
              "    }\n",
              "\n",
              "    .dataframe thead th {\n",
              "        text-align: right;\n",
              "    }\n",
              "</style>\n",
              "<table border=\"1\" class=\"dataframe\">\n",
              "  <thead>\n",
              "    <tr style=\"text-align: right;\">\n",
              "      <th>PERMNO</th>\n",
              "      <th>Alcoa</th>\n",
              "      <th>Amex</th>\n",
              "      <th>Boeing</th>\n",
              "      <th>Chev</th>\n",
              "      <th>Coke</th>\n",
              "      <th>Du Pont</th>\n",
              "      <th>MMM</th>\n",
              "      <th>P&amp;G</th>\n",
              "      <th>Sears</th>\n",
              "      <th>U Tech</th>\n",
              "    </tr>\n",
              "    <tr>\n",
              "      <th>date</th>\n",
              "      <th></th>\n",
              "      <th></th>\n",
              "      <th></th>\n",
              "      <th></th>\n",
              "      <th></th>\n",
              "      <th></th>\n",
              "      <th></th>\n",
              "      <th></th>\n",
              "      <th></th>\n",
              "      <th></th>\n",
              "    </tr>\n",
              "  </thead>\n",
              "  <tbody>\n",
              "    <tr>\n",
              "      <th>19800131</th>\n",
              "      <td>0.157175</td>\n",
              "      <td>-0.016736</td>\n",
              "      <td>0.293827</td>\n",
              "      <td>0.104213</td>\n",
              "      <td>0.018116</td>\n",
              "      <td>0.009288</td>\n",
              "      <td>-0.014925</td>\n",
              "      <td>-0.028620</td>\n",
              "      <td>-0.048611</td>\n",
              "      <td>0.159884</td>\n",
              "    </tr>\n",
              "    <tr>\n",
              "      <th>19800229</th>\n",
              "      <td>0.051181</td>\n",
              "      <td>-0.046809</td>\n",
              "      <td>-0.080153</td>\n",
              "      <td>0.277108</td>\n",
              "      <td>-0.064057</td>\n",
              "      <td>-0.067485</td>\n",
              "      <td>0.010101</td>\n",
              "      <td>-0.012132</td>\n",
              "      <td>-0.043796</td>\n",
              "      <td>-0.065163</td>\n",
              "    </tr>\n",
              "    <tr>\n",
              "      <th>19800331</th>\n",
              "      <td>-0.127341</td>\n",
              "      <td>0.053571</td>\n",
              "      <td>-0.116183</td>\n",
              "      <td>-0.176101</td>\n",
              "      <td>-0.041825</td>\n",
              "      <td>-0.088816</td>\n",
              "      <td>-0.005000</td>\n",
              "      <td>-0.049123</td>\n",
              "      <td>-0.007634</td>\n",
              "      <td>-0.115282</td>\n",
              "    </tr>\n",
              "    <tr>\n",
              "      <th>19800430</th>\n",
              "      <td>-0.055794</td>\n",
              "      <td>0.144068</td>\n",
              "      <td>0.028169</td>\n",
              "      <td>0.080153</td>\n",
              "      <td>0.055556</td>\n",
              "      <td>0.054152</td>\n",
              "      <td>0.060302</td>\n",
              "      <td>0.055351</td>\n",
              "      <td>-0.007692</td>\n",
              "      <td>0.021212</td>\n",
              "    </tr>\n",
              "    <tr>\n",
              "      <th>19800530</th>\n",
              "      <td>0.084091</td>\n",
              "      <td>0.007407</td>\n",
              "      <td>-0.058219</td>\n",
              "      <td>0.033569</td>\n",
              "      <td>0.015038</td>\n",
              "      <td>0.078767</td>\n",
              "      <td>0.028436</td>\n",
              "      <td>0.089161</td>\n",
              "      <td>0.031008</td>\n",
              "      <td>0.014837</td>\n",
              "    </tr>\n",
              "    <tr>\n",
              "      <th>...</th>\n",
              "      <td>...</td>\n",
              "      <td>...</td>\n",
              "      <td>...</td>\n",
              "      <td>...</td>\n",
              "      <td>...</td>\n",
              "      <td>...</td>\n",
              "      <td>...</td>\n",
              "      <td>...</td>\n",
              "      <td>...</td>\n",
              "      <td>...</td>\n",
              "    </tr>\n",
              "    <tr>\n",
              "      <th>19890831</th>\n",
              "      <td>0.115942</td>\n",
              "      <td>-0.003356</td>\n",
              "      <td>0.045346</td>\n",
              "      <td>0.032110</td>\n",
              "      <td>-0.022059</td>\n",
              "      <td>0.036264</td>\n",
              "      <td>0.039474</td>\n",
              "      <td>0.076440</td>\n",
              "      <td>-0.026810</td>\n",
              "      <td>0.015945</td>\n",
              "    </tr>\n",
              "    <tr>\n",
              "      <th>19890929</th>\n",
              "      <td>-0.003247</td>\n",
              "      <td>-0.026936</td>\n",
              "      <td>0.041096</td>\n",
              "      <td>0.084444</td>\n",
              "      <td>0.007519</td>\n",
              "      <td>0.015907</td>\n",
              "      <td>-0.049051</td>\n",
              "      <td>-0.066148</td>\n",
              "      <td>-0.068871</td>\n",
              "      <td>-0.002242</td>\n",
              "    </tr>\n",
              "    <tr>\n",
              "      <th>19891031</th>\n",
              "      <td>-0.087948</td>\n",
              "      <td>0.006920</td>\n",
              "      <td>-0.013158</td>\n",
              "      <td>0.118852</td>\n",
              "      <td>0.080224</td>\n",
              "      <td>-0.039666</td>\n",
              "      <td>-0.046589</td>\n",
              "      <td>0.076042</td>\n",
              "      <td>-0.088757</td>\n",
              "      <td>-0.040449</td>\n",
              "    </tr>\n",
              "    <tr>\n",
              "      <th>19891130</th>\n",
              "      <td>0.035714</td>\n",
              "      <td>-0.024055</td>\n",
              "      <td>0.066667</td>\n",
              "      <td>0.005495</td>\n",
              "      <td>0.067358</td>\n",
              "      <td>0.014130</td>\n",
              "      <td>0.075044</td>\n",
              "      <td>0.002904</td>\n",
              "      <td>0.006494</td>\n",
              "      <td>-0.030445</td>\n",
              "    </tr>\n",
              "    <tr>\n",
              "      <th>19891229</th>\n",
              "      <td>0.034483</td>\n",
              "      <td>-0.017606</td>\n",
              "      <td>-0.010417</td>\n",
              "      <td>-0.012750</td>\n",
              "      <td>0.000000</td>\n",
              "      <td>0.054662</td>\n",
              "      <td>0.034091</td>\n",
              "      <td>0.084942</td>\n",
              "      <td>-0.016129</td>\n",
              "      <td>0.048309</td>\n",
              "    </tr>\n",
              "  </tbody>\n",
              "</table>\n",
              "<p>120 rows × 10 columns</p>\n",
              "</div>"
            ],
            "text/plain": [
              "PERMNO       Alcoa      Amex    Boeing  ...       P&G     Sears    U Tech\n",
              "date                                    ...                              \n",
              "19800131  0.157175 -0.016736  0.293827  ... -0.028620 -0.048611  0.159884\n",
              "19800229  0.051181 -0.046809 -0.080153  ... -0.012132 -0.043796 -0.065163\n",
              "19800331 -0.127341  0.053571 -0.116183  ... -0.049123 -0.007634 -0.115282\n",
              "19800430 -0.055794  0.144068  0.028169  ...  0.055351 -0.007692  0.021212\n",
              "19800530  0.084091  0.007407 -0.058219  ...  0.089161  0.031008  0.014837\n",
              "...            ...       ...       ...  ...       ...       ...       ...\n",
              "19890831  0.115942 -0.003356  0.045346  ...  0.076440 -0.026810  0.015945\n",
              "19890929 -0.003247 -0.026936  0.041096  ... -0.066148 -0.068871 -0.002242\n",
              "19891031 -0.087948  0.006920 -0.013158  ...  0.076042 -0.088757 -0.040449\n",
              "19891130  0.035714 -0.024055  0.066667  ...  0.002904  0.006494 -0.030445\n",
              "19891229  0.034483 -0.017606 -0.010417  ...  0.084942 -0.016129  0.048309\n",
              "\n",
              "[120 rows x 10 columns]"
            ]
          },
          "metadata": {
            "tags": []
          },
          "execution_count": 21
        }
      ]
    },
    {
      "cell_type": "code",
      "metadata": {
        "id": "pX1wg8NdKGZN",
        "colab_type": "code",
        "colab": {
          "base_uri": "https://localhost:8080/",
          "height": 357
        },
        "outputId": "98c72d01-3279-4803-a79b-8ff5f735f328"
      },
      "source": [
        "# mean = rtn.mean().values\n",
        "# std = rtn.std().values\n",
        "# corr = rtn.corr().values\n",
        "# cov = rtn.cov().values\n",
        "mean = np.array([.015617, .019477, .01907, .015801, .021643, .016010, .014892, .016248,.014075, .014537])\n",
        "std = np.array([.088308, .084585, .01004, .086215, .059886, .068767, .058162, .056385, .080047, .082125])\n",
        "corr = np.array([[ 1,  0.366, 0.3457,   0.1606,     0.2279,  0.5133,  0.5203,    0.2176,  0.3267,  0.5101], \n",
        "             [ 0.366,  1,  0.5379,    0.2165,  0.4986,   0.5823,  0.5569,    0.4760,  0.6517,  0.5853],\n",
        "             [0.3457,  0.5379,   1,     0.2218,  0.4283,  0.4051,  0.4492,   0.3867,  0.4883,  0.6569],\n",
        "             [0.1606,  0.2165,   0.2218, 1,    0.0569,  0.3609,  0.2325,    0.2289,  0.1726,  0.3814 ],\n",
        "             [0.2279,  0.4986,   0.4283, 0.0569,  1,     0.3619,  0.4811,    0.5952,  0.4378,  0.4368],\n",
        "             [0.5133,  0.5823,   0.4051, 0.3609,  0.3619,  1,     0.6167,    0.4996,  0.5811,  0.5644],\n",
        "             [0.5203,  0.5569,   0.4492, 0.2325,  0.4811,  0.6167,  1,      0.6037,  0.5671,  0.6032 ],\n",
        "             [0.2176,  0.4760,   0.3867, 0.2289,  0.5952,  0.4996,  0.6037,      1,  0.5012,  0.4772 ],\n",
        "             [0.3267,  0.6517,   0.4883, 0.1726,  0.4378,  0.5811,  0.5671,    0.5012,  1,    0.6039 ],\n",
        "             [ 0.5101, 0.5853,   0.6569, 0.3814,  0.4368,  0.5644,  0.6032,    0.4772,  0.6039,   1 ]])\n",
        "\n",
        "# mean = np.array([0.01218968, 0.01650123, 0.01618233, 0.01080502, 0.01789969,\n",
        "#        0.01165278, 0.01135932, 0.01272683, 0.00944854, 0.01125249])\n",
        "# std = np.array([0.08732951, 0.08428415, 0.09998456, 0.0850044 , 0.0598025 ,\n",
        "#        0.06815065, 0.05772651, 0.05636781, 0.08001666, 0.08200148])\n",
        "# corr = np.array([[1.        , 0.37399317, 0.33449093, 0.14209886, 0.2420464 ,\n",
        "#         0.50008218, 0.50805394, 0.22515081, 0.31456661, 0.49966064],\n",
        "#        [0.37399317, 1.        , 0.53830496, 0.21985643, 0.50444258,\n",
        "#         0.58574141, 0.56127812, 0.4820687 , 0.64883383, 0.58984795],\n",
        "#        [0.33449093, 0.53830496, 1.        , 0.20728195, 0.44187654,\n",
        "#         0.40164498, 0.4477631 , 0.38062161, 0.49076697, 0.65681071],\n",
        "#        [0.14209886, 0.21985643, 0.20728195, 1.        , 0.05731009,\n",
        "#         0.33375102, 0.21787283, 0.21623184, 0.15258004, 0.37337866],\n",
        "#        [0.2420464 , 0.50444258, 0.44187654, 0.05731009, 1.        ,\n",
        "#         0.37855122, 0.4883554 , 0.5987313 , 0.438786  , 0.44596156],\n",
        "#        [0.50008218, 0.58574141, 0.40164498, 0.33375102, 0.37855122,\n",
        "#         1.        , 0.60858385, 0.49674194, 0.58039335, 0.55817796],\n",
        "#        [0.50805394, 0.56127812, 0.4477631 , 0.21787283, 0.4883554 ,\n",
        "#         0.60858385, 1.        , 0.60612648, 0.56276084, 0.60204987],\n",
        "#        [0.22515081, 0.4820687 , 0.38062161, 0.21623184, 0.5987313 ,\n",
        "#         0.49674194, 0.60612648, 1.        , 0.49008901, 0.46808594],\n",
        "#        [0.31456661, 0.64883383, 0.49076697, 0.15258004, 0.438786  ,\n",
        "#         0.58039335, 0.56276084, 0.49008901, 1.        , 0.60259957],\n",
        "#        [0.49966064, 0.58984795, 0.65681071, 0.37337866, 0.44596156,\n",
        "#         0.55817796, 0.60204987, 0.46808594, 0.60259957, 1.        ]])\n",
        "cov = np.zeros((10, 10))\n",
        "for i in range(10):\n",
        "  for j in range(10):\n",
        "    cov[i][j] = corr[i][j]*std[i]*std[j]\n",
        "cov"
      ],
      "execution_count": null,
      "outputs": [
        {
          "output_type": "execute_result",
          "data": {
            "text/plain": [
              "array([[0.0077983 , 0.00273385, 0.0003065 , 0.00122272, 0.00120523,\n",
              "        0.0031171 , 0.00267235, 0.00108348, 0.00230937, 0.0036994 ],\n",
              "       [0.00273385, 0.00715462, 0.0004568 , 0.00157883, 0.00252564,\n",
              "        0.00338704, 0.00273974, 0.0022702 , 0.00441251, 0.00406581],\n",
              "       [0.0003065 , 0.0004568 , 0.0001008 , 0.00019199, 0.00025752,\n",
              "        0.00027969, 0.00026231, 0.00021891, 0.00039243, 0.00054164],\n",
              "       [0.00122272, 0.00157883, 0.00019199, 0.00743303, 0.00029378,\n",
              "        0.00213968, 0.00116586, 0.00111274, 0.00119116, 0.00270047],\n",
              "       [0.00120523, 0.00252564, 0.00025752, 0.00029378, 0.00358633,\n",
              "        0.00149037, 0.00167571, 0.0020098 , 0.00209868, 0.00214824],\n",
              "       [0.0031171 , 0.00338704, 0.00027969, 0.00213968, 0.00149037,\n",
              "        0.0047289 , 0.00246657, 0.00193716, 0.00319872, 0.00318744],\n",
              "       [0.00267235, 0.00273974, 0.00026231, 0.00116586, 0.00167571,\n",
              "        0.00246657, 0.00338282, 0.00197981, 0.00264024, 0.00288122],\n",
              "       [0.00108348, 0.0022702 , 0.00021891, 0.00111274, 0.0020098 ,\n",
              "        0.00193716, 0.00197981, 0.00317927, 0.00226214, 0.00220973],\n",
              "       [0.00230937, 0.00441251, 0.00039243, 0.00119116, 0.00209868,\n",
              "        0.00319872, 0.00264024, 0.00226214, 0.00640752, 0.00396995],\n",
              "       [0.0036994 , 0.00406581, 0.00054164, 0.00270047, 0.00214824,\n",
              "        0.00318744, 0.00288122, 0.00220973, 0.00396995, 0.00674452]])"
            ]
          },
          "metadata": {
            "tags": []
          },
          "execution_count": 7
        }
      ]
    },
    {
      "cell_type": "code",
      "metadata": {
        "id": "qe1dRTuGKGZS",
        "colab_type": "code",
        "colab": {
          "base_uri": "https://localhost:8080/",
          "height": 221
        },
        "outputId": "f3fdf98e-995d-41a5-a994-f4e2ac6a5259"
      },
      "source": [
        "rtn.mean()"
      ],
      "execution_count": null,
      "outputs": [
        {
          "output_type": "execute_result",
          "data": {
            "text/plain": [
              "PERMNO\n",
              "Alcoa      0.012190\n",
              "Amex       0.016501\n",
              "Boeing     0.016182\n",
              "Chev       0.010805\n",
              "Coke       0.017900\n",
              "Du Pont    0.011653\n",
              "MMM        0.011359\n",
              "P&G        0.012727\n",
              "Sears      0.009449\n",
              "U Tech     0.011252\n",
              "dtype: float64"
            ]
          },
          "metadata": {
            "tags": []
          },
          "execution_count": 104
        }
      ]
    },
    {
      "cell_type": "code",
      "metadata": {
        "id": "uMy-G61bKGZY",
        "colab_type": "code",
        "colab": {
          "base_uri": "https://localhost:8080/",
          "height": 221
        },
        "outputId": "27e74dbd-0ad6-48c5-bca7-9dadb2b91a4a"
      },
      "source": [
        "rtn.std()"
      ],
      "execution_count": null,
      "outputs": [
        {
          "output_type": "execute_result",
          "data": {
            "text/plain": [
              "PERMNO\n",
              "Alcoa      0.087330\n",
              "Amex       0.084284\n",
              "Boeing     0.099985\n",
              "Chev       0.085004\n",
              "Coke       0.059802\n",
              "Du Pont    0.068151\n",
              "MMM        0.057727\n",
              "P&G        0.056368\n",
              "Sears      0.080017\n",
              "U Tech     0.082001\n",
              "dtype: float64"
            ]
          },
          "metadata": {
            "tags": []
          },
          "execution_count": 105
        }
      ]
    },
    {
      "cell_type": "code",
      "metadata": {
        "id": "EYpBvobvKGZb",
        "colab_type": "code",
        "colab": {
          "base_uri": "https://localhost:8080/",
          "height": 390
        },
        "outputId": "2537f383-000c-4488-c471-714d22efd323"
      },
      "source": [
        "rtn.corr()"
      ],
      "execution_count": null,
      "outputs": [
        {
          "output_type": "execute_result",
          "data": {
            "text/html": [
              "<div>\n",
              "<style scoped>\n",
              "    .dataframe tbody tr th:only-of-type {\n",
              "        vertical-align: middle;\n",
              "    }\n",
              "\n",
              "    .dataframe tbody tr th {\n",
              "        vertical-align: top;\n",
              "    }\n",
              "\n",
              "    .dataframe thead th {\n",
              "        text-align: right;\n",
              "    }\n",
              "</style>\n",
              "<table border=\"1\" class=\"dataframe\">\n",
              "  <thead>\n",
              "    <tr style=\"text-align: right;\">\n",
              "      <th>PERMNO</th>\n",
